           1           2           3
           1           3           4
           2           4           5
           3           5           6
           4           6           7
           5           7           8
           6           8           9
           7           9          10
           8          10          11
           9          11          12
          10          12          13
          11          13          14
          12          14          15
          13          15          16
          14          16          17
          15          17          18
          16          18          19
          17          19          20
          18          20          21
          19          21          22
          20          22          23
          21          23          24
          22          24          25
          23          25          26
          24          26          27
          25          27          28
          26          28          29
          27          29          30
          28          30          31
          29          31          32
          30          32          33
          31          33          34
          32          34          35
          33          35          36
          34          36          37
          35          37          38
          36          38          39
          37          39          40
          38          40          41
          39          41          42
          40          42          43
          41          43          44
          42          44          45
          43          45          46
          44          46          47
          45          47          48
          46          48          49
          47          49          50
          48          50          51
          49          51          52
          50          52          53
          51          53          54
          52          54          55
          53          55          56
          54          56          57
          55          57          58
          56          58          59
          57          59          60
          58          60          61
          59          61          62
          60          62          63
          61          63          64
          62          64          65
          63          65          66
          64          66          67
          65          67          68
          66          68          69
          67          69          70
          68          70          71
          69          71          72
          70          72          73
          71          73          74
          72          74          75
          73          75          76
          74          76          77
          75          77          78
          76          78          79
          77          79          80
          78          80          81
          79          81          82
          80          82          83
          81          83          84
          82          84          85
          83          85          86
          84          86          87
          85          87          88
          86          88          89
          87          89          90
          88          90          91
          89          91          92
          90          92          93
          91          93          94
          92          94          95
          93          95          96
          94          96          97
          95          97          98
          96          98          99
          97          99         100
          98         100         101
          99         101         102
         100         102         103
         101         103         104
         102         104         105
         103         105         106
         104         106         107
         105         107         108
         106         108         109
         107         109         110
         108         110         111
         109         111         112
         110         112         113
         111         113         114
         112         114         115
         113         115         116
         114         116         117
         115         117         118
         116         118         119
         117         119         120
         118         120         121
         119         121         122
         120         122         123
         121         123         124
         122         124         125
         123         125         126
         124         126         127
         125         127         128
         126         128         129
         127         129         130
         128         130         131
         129         131         132
         130         132         133
         131         133         134
         132         134         135
         133         135         136
         134         136         137
         135         137         138
         136         138         139
         137         139         140
         138         140         141
         139         141         142
         140         142         143
         141         143         144
         142         144         145
         143         145         146
         144         146         147
         145         147         148
         146         148         149
         147         149         150
         148         150         151
         149         151         152
         150         152         153
         151         153         154
         152         154         155
         153         155         156
         154         156         157
         155         157         158
         156         158         159
         157         159         160
         158         160         161
         159         161         162
         160         162         163
         161         163         164
         162         164         165
         163         165         166
         164         166         167
         165         167         168
         166         168         169
         167         169         170
         168         170         171
         169         171         172
         170         172         173
         171         173         174
         172         174         175
         173         175         176
         174         176         177
         175         177         178
         176         178         179
         177         179         180
         178         180         181
         179         181         182
         180         182         183
         181         183         184
         182         184         185
         183         185         186
         184         186         187
         185         187         188
         186         188         189
         187         189         190
         188         190         191
         189         191         192
         190         192         193
         191         193         194
         192         194         195
         193         195         196
         194         196         197
         195         197         198
         196         198         199
         197         199         200
         198         200         201
         199         201         202
         200         202         203
         201         203         204
         202         204         205
         203         205         206
         204         206         207
         205         207         208
         206         208         209
         207         209         210
         208         210         211
         209         211         212
         210         212         213
         211         213         214
         212         214         215
         213         215         216
         214         216         217
         215         217         218
         216         218         219
         217         219         220
         218         220         221
         219         221         222
         220         222         223
         221         223         224
         222         224         225
         223         225         226
         224         226         227
         225         227         228
         226         228         229
         227         229         230
         228         230         231
         229         231         232
         230         232         233
         231         233         234
         232         234         235
         233         235         236
         234         236         237
         235         237         238
         236         238         239
         237         239         240
         238         240         241
         239         241         242
         240         242         243
         241         243         244
         242         244         245
         243         245         246
         244         246         247
         245         247         248
         246         248         249
         247         249         250
         248         250         251
         249         251         252
         250         252         253
         251         253         254
         252         254         255
         253         255         256
         254         256         257
         255         257         258
         256         258         259
         257         259         260
         258         260         261
         259         261         262
         260         262         263
         261         263         264
         262         264         265
         263         265         266
         264         266         267
         265         267         268
         266         268         269
         267         269         270
         268         270         271
         269         271         272
         270         272         273
         271         273         274
         272         274         275
         273         275         276
         274         276         277
         275         277         278
         276         278         279
         277         279         280
         278         280         281
         279         281         282
         280         282         283
         281         283         284
         282         284         285
         283         285         286
         284         286         287
         285         287         288
         286         288         289
         287         289         290
         288         290         291
         289         291         292
         290         292         293
         291         293         294
         292         294         295
         293         295         296
         294         296         297
         295         297         298
         296         298         299
         297         299         300
         298         300         301
         299         301         302
         300         302         303
         301         303         304
         302         304         305
         303         305         306
         304         306         307
         305         307         308
         306         308         309
         307         309         310
         308         310         311
         309         311         312
         310         312         313
         311         313         314
         312         314         315
         313         315         316
         314         316         317
         315         317         318
         316         318         319
         317         319         320
         318         320         321
         319         321         322
         320         322         323
         321         323         324
         322         324         325
         323         325         326
         324         326         327
         325         327         328
         326         328         329
         327         329         330
         328         330         331
         329         331         332
         330         332         333
         331         333         334
         332         334         335
         333         335         336
         334         336         337
         335         337         338
         336         338         339
         337         339         340
         338         340         341
         339         341         342
         340         342         343
         341         343         344
         342         344         345
         343         345         346
         344         346         347
         345         347         348
         346         348         349
         347         349         350
         348         350         351
         349         351         352
         350         352         353
         351         353         354
         352         354         355
         353         355         356
         354         356         357
         355         357         358
         356         358         359
         357         359         360
         358         360         361
         359         361         362
         360         362         363
         361         363         364
         362         364         365
         363         365         366
         364         366         367
         365         367         368
         366         368         369
         367         369         370
         368         370         371
         369         371         372
         370         372         373
         371         373         374
         372         374         375
         373         375         376
         374         376         377
         375         377         378
         376         378         379
         377         379         380
         378         380         381
         379         381         382
         380         382         383
         381         383         384
         382         384         385
         383         385         386
         384         386         387
         385         387         388
         386         388         389
         387         389         390
         388         390         391
         389         391         392
         390         392         393
         391         393         394
         392         394         395
         393         395         396
         394         396         397
         395         397         398
         396         398         399
         397         399         400
         398         400         401
         399         401         401
