          79           7          23          24           8           0
           0           9          25          26          10          80
          11          27          81           0          29          13
          12          28           0          82          30          14
          19          83          15          16           0          21
          20           0          17          18          84          22
          85           0          31          32           1           0
          86           1          33          34           0           0
           0           0          35          36           2          87
           0           2          37          38           0          88
           0          39          89           0          41           3
           0          40           0          90          42           4
           3          43          91           0          45           0
           4          44           0          92          46           0
          47          93           0           5           0          51
          48          94           5           0           0          52
          49           0           0           6          95          53
          50           0           6           0          96          54
           0          97          47          48           0           5
           0           0          49          50          98           6
           5          99          51          52           0           0
           6           0          53          54         100           0
         101          31           0           1          33           0
         102          32           1           0          34           0
           0          35           0           2          37         103
           0          36           2           0          38         104
          39           0         105           0           3          43
          40           0           0         106           4          44
          41           3         107           0           0          45
          42           4           0         108           0          46
           0          55          63           7          23           0
           0          56           7          64          24           0
           0          23          65           8          57           0
           0          24           8          66          58           0
           0          59          67           9          25           0
           0          60           9          68          26           0
           0          25          69          10          61           0
           0          26          10          70          62           0
          63          71           0           0          11          27
          64          72           0           0          12          28
          65          11           0           0          73          29
          66          12           0           0          74          30
          27          75           0           0          13          67
          28          76           0           0          14          68
          29          13           0           0          77          69
          30          14           0           0          78          70
          55           0          71          19           0          15
          56           0          19          72           0          16
          57           0          73          20           0          17
          58           0          20          74           0          18
          15           0          75          21           0          59
          16           0          21          76           0          60
          17           0          77          22           0          61
          18           0          22          78           0          62
           0           0           0           0          31          47
           0           0           0           0          32          48
           0          33           0           0           0          49
           0          34           0           0           0          50
          51           0           0           0          35           0
          52           0           0           0          36           0
          53          37           0           0           0           0
          54          38           0           0           0           0
           0           0           0          31           0          39
           0           0          32           0           0          40
           0           0           0          33           0          41
           0           0          34           0           0          42
          43           0           0          35           0           0
          44           0          36           0           0           0
          45           0           0          37           0           0
          46           0          38           0           0           0
           0           0           0          47          39           0
           0           0          48           0          40           0
           0          41           0          49           0           0
           0          42          50           0           0           0
           0           0           0          51          43           0
           0           0          52           0          44           0
           0          45           0          53           0           0
           0          46          54           0           0           0
           0          85         101         102          86           1
           2          87         103         104          88           0
          89         105           0           3         107          91
          90         106           4           0         108          92
          97           0          93          94           5          99
          98           6          95          96           0         100
           0           0           0           0          79           7
           0          79           0           0           0           8
           9           0           0           0          80           0
          10          80           0           0           0           0
           0           0           0          11           0          81
           0           0          12           0           0          82
          81           0           0          13           0           0
          82           0          14           0           0           0
           0           0           0          83          15           0
           0           0          83           0          16           0
           0          17           0          84           0           0
           0          18          84           0           0           0
           0           0           0           0          19          83
           0          20           0           0           0          84
          83           0           0           0          21           0
          84          22           0           0           0           0
           0           0           0          79           0          23
           0           0          79           0           0          24
          25           0           0          80           0           0
          26           0          80           0           0           0
           0           0           0          27          81           0
           0           0          28           0          82           0
           0          81           0          29           0           0
           0          82          30           0           0           0
           7          23          24           8           0        8208
