        -120           0           0
        -119           1           1
        -118           2           2
        -117           3           3
        -116           4           4
        -115           5           5
        -114           6           6
        -113           7           7
        -112           8           8
        -111           9           9
        -110          10          10
        -109          11          11
        -108          12          12
        -107          13          13
        -106          14          14
        -105          15          15
        -104          16          16
        -103          17          17
        -102          18          18
        -101          19          19
        -100          20          20
         -99          21          21
         -98          22          22
         -97          23          23
         -96          24          24
         -95          25          25
         -94          26          26
         -93          27          27
         -92          28          28
         -91          29          29
         -90          30          30
         -89          31          31
         -88          32          32
         -87          33          33
         -86          34          34
         -85          35          35
         -84          36          36
         -83          37          37
         -82          38          38
         -81          39          39
         -80          40          40
         -79          41          41
         -78          42          42
         -77          43          43
         -76          44          44
         -75          45          45
         -74          46          46
         -73          47          47
         -72          48          48
         -71          49          49
         -70          50          50
         -69          51          51
         -68          52          52
         -67          53          53
         -66          54          54
         -65          55          55
         -64          56          56
         -63          57          57
         -62          58          58
         -61          59          59
         -60          60          60
         -59          59          59
         -58          58          58
         -57          57          57
         -56          56          56
         -55          55          55
         -54          54          54
         -53          53          53
         -52          52          52
         -51          51          51
         -50          50          50
         -49          49          49
         -48          48          48
         -47          47          47
         -46          46          46
         -45          45          45
         -44          44          44
         -43          43          43
         -42          42          42
         -41          41          41
         -40          40          40
         -39          39          39
         -38          38          38
         -37          37          37
         -36          36          36
         -35          35          35
         -34          34          34
         -33          33          33
         -32          32          32
         -31          31          31
         -30          30          30
         -29          29          29
         -28          28          28
         -27          27          27
         -26          26          26
         -25          25          25
         -24          24          24
         -23          23          23
         -22          22          22
         -21          21          21
         -20          20          20
         -19          19          19
         -18          18          18
         -17          17          17
         -16          16          16
         -15          15          15
         -14          14          14
         -13          13          13
         -12          12          12
         -11          11          11
         -10          10          10
          -9           9           9
          -8           8           8
          -7           7           7
          -6           6           6
          -5           5           5
          -4           4           4
          -3           3           3
          -2           2           2
          -1           1           1
           0           0           0
           1           1           1
           2           2           2
           3           3           3
           4           4           4
           5           5           5
           6           6           6
           7           7           7
           8           8           8
           9           9           9
          10          10          10
          11          11          11
          12          12          12
          13          13          13
          14          14          14
          15          15          15
          16          16          16
          17          17          17
          18          18          18
          19          19          19
          20          20          20
          21          21          21
          22          22          22
          23          23          23
          24          24          24
          25          25          25
          26          26          26
          27          27          27
          28          28          28
          29          29          29
          30          30          30
          31          31          31
          32          32          32
          33          33          33
          34          34          34
          35          35          35
          36          36          36
          37          37          37
          38          38          38
          39          39          39
          40          40          40
          41          41          41
          42          42          42
          43          43          43
          44          44          44
          45          45          45
          46          46          46
          47          47          47
          48          48          48
          49          49          49
          50          50          50
          51          51          51
          52          52          52
          53          53          53
          54          54          54
          55          55          55
          56          56          56
          57          57          57
          58          58          58
          59          59          59
          60          60          60
          61          59          59
          62          58          58
          63          57          57
          64          56          56
          65          55          55
          66          54          54
          67          53          53
          68          52          52
          69          51          51
          70          50          50
          71          49          49
          72          48          48
          73          47          47
          74          46          46
          75          45          45
          76          44          44
          77          43          43
          78          42          42
          79          41          41
          80          40          40
          81          39          39
          82          38          38
          83          37          37
          84          36          36
          85          35          35
          86          34          34
          87          33          33
          88          32          32
          89          31          31
          90          30          30
          91          29          29
          92          28          28
          93          27          27
          94          26          26
          95          25          25
          96          24          24
          97          23          23
          98          22          22
          99          21          21
         100          20          20
         101          19          19
         102          18          18
         103          17          17
         104          16          16
         105          15          15
         106          14          14
         107          13          13
         108          12          12
         109          11          11
         110          10          10
         111           9           9
         112           8           8
         113           7           7
         114           6           6
         115           5           5
         116           4           4
         117           3           3
         118           2           2
         119           1           1
         120           0           0
